0   1   -54.0
1   2   -54.0
2   3   -54.0
3   4   -54.0
4   5   -54.1
5   6   -54.1
6   7   -54.1
7   8   -54.2
8   9   -54.2
9   10   -54.2
10   11   -54.3
11   12   -54.3
12   13   -54.3
13   14   -54.4
14   15   -54.4
15   16   -54.4
16   17   -54.5
17   18   -54.5
18   19   -54.5
1   0   -54.0
2   1   -54.6
3   2   -54.6
4   3   -54.7
5   4   -54.7
6   5   -54.7
7   6   -54.8
8   7   -54.8
9   8   -54.8
10   9   -54.9
11   10   -54.9
12   11   -54.9
13   12   -54.10
14   13   -54.10
15   14   -54.10
16   15   -54.11
17   16   -54.11
18   17   -54.11
19   18   -54.12

